# The stellar metallicity difference between passive and
# star-forming galaxies from Figure 4 of Lyu+2023
# redshift, Mstar, delta_Zstar
0 9.4 0.206189 0.0174657
0.5 9.4 0.710099 0.0355794
1 9.4 0.780945 0.0323321
2 9.4 0.713649 0.0466922
0 9.5 0.223964 0.0145215
0.5 9.5 0.701802 0.03266
1 9.5 0.741201 0.0295598
2 9.5 0.696646 0.0414578
0 9.6 0.250723 0.012997
0.5 9.6 0.670094 0.029972
1 9.6 0.727853 0.0288167
2 9.6 0.801342 0.0424201
0 9.7 0.237071 0.0105815
0.5 9.7 0.657535 0.0269081
1 9.7 0.764644 0.0306844
2 9.7 0.790097 0.0350056
0 9.8 0.249697 0.0103775
0.5 9.8 0.627961 0.0265335
1 9.8 0.770109 0.0273777
2 9.8 0.776629 0.0290264
0 9.9 0.228429 0.00948828
0.5 9.9 0.610658 0.0229056
1 9.9 0.739903 0.025857
2 9.9 0.721383 0.0250039
0 10 0.2302 0.00900935
0.5 10 0.607489 0.0214482
1 10 0.726461 0.0231063
2 10 0.683085 0.0232652
0 10.1 0.227809 0.00881609
0.5 10.1 0.598427 0.019936
1 10.1 0.691129 0.0215599
2 10.1 0.650505 0.020633
0 10.2 0.235731 0.00841142
0.5 10.2 0.546712 0.0190793
1 10.2 0.655263 0.01995
2 10.2 0.634901 0.0216354
0 10.3 0.224131 0.00804828
0.5 10.3 0.519994 0.0181561
1 10.3 0.625861 0.0202154
2 10.3 0.630222 0.0211349
0 10.4 0.210733 0.00782606
0.5 10.4 0.48059 0.0180153
1 10.4 0.593733 0.0197152
2 10.4 0.625396 0.0223022
0 10.5 0.203475 0.00759885
0.5 10.5 0.428836 0.01748
1 10.5 0.585299 0.020335
2 10.5 0.623026 0.0226673
0 10.6 0.20231 0.00740882
0.5 10.6 0.42976 0.016844
1 10.6 0.570511 0.0209426
2 10.6 0.624261 0.024245
0 10.7 0.199002 0.00716687
0.5 10.7 0.413209 0.01725
1 10.7 0.518612 0.0214848
2 10.7 0.564592 0.0267979
0 10.8 0.197529 0.00688748
0.5 10.8 0.378301 0.017545
1 10.8 0.473307 0.0233548
2 10.8 0.530043 0.0304566
0 10.9 0.177008 0.00680333
0.5 10.9 0.353425 0.0185442
1 10.9 0.456275 0.0267646
2 10.9 0.400347 0.0363608
0 11 0.167774 0.00684316
0.5 11 0.332375 0.0214003
1 11 0.33395 0.0295265
2 11 0.291681 0.0424619
0 11.1 0.169663 0.00701345
0.5 11.1 0.300582 0.0239106
1 11.1 0.349795 0.0346533
2 11.1 0.273813 0.0584933
0 11.2 0.154557 0.00750853
0.5 11.2 0.237408 0.026733
1 11.2 0.310605 0.0480804
2 11.2 0.268344 0.0893643
0 11.3 0.141287 0.00820048
0.5 11.3 0.189458 0.0401263
1 11.3 0.225308 0.0759352
2 11.3 0.209083 0.0766829
