# The stellar metallicity difference between passive and
# star-forming galaxies from Figure 2 of Peng+2015
# redshift, Mstar, delta_Zstar
0 9.41 0.432563 0.0672102
0 9.42 0.413174 0.0650359
0 9.43 0.410866 0.0630899
0 9.44 0.369509 0.0537816
0 9.45 0.349721 0.0525074
0 9.46 0.382528 0.0481082
0 9.47 0.383019 0.0497189
0 9.48 0.388789 0.049816
0 9.49 0.377705 0.0499481
0 9.5 0.373349 0.0473563
0 9.51 0.39653 0.0473427
0 9.52 0.386275 0.0476878
0 9.53 0.386382 0.047633
0 9.54 0.364467 0.0458083
0 9.55 0.390331 0.0441316
0 9.56 0.37733 0.0427828
0 9.57 0.373755 0.0418916
0 9.58 0.37348 0.0403324
0 9.59 0.380025 0.0386223
0 9.6 0.395188 0.0377054
0 9.61 0.391254 0.0366674
0 9.62 0.386114 0.0358695
0 9.63 0.372166 0.0353916
0 9.64 0.369716 0.0355272
0 9.65 0.373683 0.0342771
0 9.66 0.393309 0.0331775
0 9.67 0.388615 0.03156
0 9.68 0.380626 0.0307715
0 9.69 0.383179 0.0294454
0 9.7 0.378831 0.0287297
0 9.71 0.383417 0.0281703
0 9.72 0.380521 0.0273761
0 9.73 0.364956 0.0269517
0 9.74 0.371185 0.0263512
0 9.75 0.370208 0.0255871
0 9.76 0.370418 0.0249341
0 9.77 0.376751 0.0241378
0 9.78 0.384746 0.023839
0 9.79 0.393733 0.0231766
0 9.8 0.383049 0.0229952
0 9.81 0.382221 0.0224962
0 9.82 0.376454 0.0220099
0 9.83 0.377258 0.0213451
0 9.84 0.371306 0.0208665
0 9.85 0.36665 0.0207016
0 9.86 0.358853 0.0206128
0 9.87 0.355831 0.0206026
0 9.88 0.353581 0.0203072
0 9.89 0.357872 0.0201616
0 9.9 0.35277 0.0198908
0 9.91 0.351965 0.0194944
0 9.92 0.346837 0.0195225
0 9.93 0.354055 0.0190828
0 9.94 0.352798 0.019052
0 9.95 0.360113 0.0189785
0 9.96 0.363233 0.0189565
0 9.97 0.357417 0.0185382
0 9.98 0.362823 0.0181999
0 9.99 0.352685 0.0180549
0 10 0.361519 0.0175628
0 10.01 0.358685 0.0174794
0 10.02 0.366901 0.0174536
0 10.03 0.365988 0.0174914
0 10.04 0.364535 0.0173038
0 10.05 0.363344 0.0172335
0 10.06 0.364144 0.0169058
0 10.07 0.364229 0.0167691
0 10.08 0.361495 0.0164677
0 10.09 0.358753 0.0162127
0 10.1 0.364865 0.0162532
0 10.11 0.365275 0.016189
0 10.12 0.366196 0.0159621
0 10.13 0.360897 0.0158654
0 10.14 0.359831 0.01579
0 10.15 0.3501 0.0155519
0 10.16 0.348801 0.0152128
0 10.17 0.339773 0.0151941
0 10.18 0.336147 0.0149704
0 10.19 0.339333 0.0148913
0 10.2 0.330384 0.0148172
0 10.21 0.325433 0.0146542
0 10.22 0.320601 0.0144468
0 10.23 0.319735 0.0143233
0 10.24 0.322088 0.0143749
0 10.25 0.31905 0.0140356
0 10.26 0.313417 0.013966
0 10.27 0.311005 0.0138991
0 10.28 0.315441 0.0137657
0 10.29 0.306482 0.0136254
0 10.3 0.304493 0.0134356
0 10.31 0.296775 0.0133525
0 10.32 0.29485 0.0132146
0 10.33 0.289964 0.0131491
0 10.34 0.285196 0.0129084
0 10.35 0.286247 0.0128119
0 10.36 0.281071 0.01271
0 10.37 0.278418 0.0125553
0 10.38 0.266954 0.0123108
0 10.39 0.259752 0.0121787
0 10.4 0.255837 0.0120568
0 10.41 0.25067 0.0118981
0 10.42 0.242894 0.0118817
0 10.43 0.240894 0.0117852
0 10.44 0.239678 0.0116446
0 10.45 0.238598 0.0118269
0 10.46 0.23697 0.0116843
0 10.47 0.234206 0.011654
0 10.48 0.226409 0.0116142
0 10.49 0.226306 0.0116342
0 10.5 0.226877 0.0117295
0 10.51 0.22555 0.0115474
0 10.52 0.220506 0.0115113
0 10.53 0.214901 0.0114737
0 10.54 0.210859 0.0115637
0 10.55 0.208621 0.0115072
0 10.56 0.207346 0.0115016
0 10.57 0.207015 0.0115388
0 10.58 0.206029 0.0117391
0 10.59 0.204056 0.0118596
0 10.6 0.202775 0.0117989
0 10.61 0.202055 0.0120286
0 10.62 0.20264 0.0119046
0 10.63 0.192598 0.0119749
0 10.64 0.190218 0.0120541
0 10.65 0.187611 0.0120739
0 10.66 0.181924 0.0121357
0 10.67 0.181111 0.0122953
0 10.68 0.178928 0.0124229
0 10.69 0.172636 0.0123947
0 10.7 0.164554 0.0122397
0 10.71 0.160464 0.0125955
0 10.72 0.155347 0.0126968
0 10.73 0.153198 0.0127936
0 10.74 0.151841 0.0127064
0 10.75 0.142758 0.012561
0 10.76 0.137465 0.012695
0 10.77 0.133333 0.0127313
0 10.78 0.127558 0.0128679
0 10.79 0.123585 0.0129488
0 10.8 0.112013 0.0128188
0 10.81 0.112582 0.013055
0 10.82 0.102824 0.0131892
0 10.83 0.110838 0.0136913
0 10.84 0.109893 0.0138824
0 10.85 0.109685 0.014112
0 10.86 0.103695 0.0146034
0 10.87 0.105952 0.014615
0 10.88 0.095363 0.0145676
0 10.89 0.0976667 0.0151921
0 10.9 0.0953539 0.0155777
0 10.91 0.097497 0.0161273
0 10.92 0.0988945 0.0166015
0 10.93 0.097735 0.017032
0 10.94 0.0957526 0.0173549
0 10.95 0.092555 0.0188631
0 10.96 0.0914072 0.0197105
0 10.97 0.0873356 0.0205106
0 10.98 0.0892858 0.0210614
0 10.99 0.0912846 0.0214881
0 11 0.102069 0.0234863
0 11.01 0.093603 0.0226484
0 11.02 0.0990373 0.0254818
0 11.03 0.092481 0.0273014
0 11.04 0.0710582 0.0278715
0 11.05 0.048745 0.0263688
0 11.06 0.0484957 0.0278054
0 11.07 0.0319674 0.0302119
0 11.08 0.0433833 0.0327626
0 11.09 0.0405077 0.0348301
0 11.1 0.046929 0.0363457
0 11.11 0.0521605 0.036991
0 11.12 0.0601435 0.0368335
0 11.13 0.0491335 0.0443577
0 11.14 0.026769 0.0425302
0 11.15 0.0448296 0.0459506
0 11.16 0.01114 0.0328711
0 11.17 0.019377 0.0334148
0 11.18 0.014451 0.0349929
0 11.19 0.021211 0.0362498
