# The stellar metallicity difference between passive and
# star-forming galaxies from Figure 3 of Trussler+2020
# redshift, Mstar, delta_Zstar
0 9.452 0.183 0.067
0 9.49 0.192 0.064
0 9.522 0.17 0.059
0 9.56 0.178 0.069
0 9.617 0.189 0.049
0 9.656 0.207 0.049
0 9.693 0.186 0.042
0 9.731 0.206 0.042
0 9.768 0.19 0.036
0 9.82 0.192 0.034
0 9.848 0.177 0.035
0 9.915 0.195 0.053
0 10.053 0.222 0.028
0 10.105 0.218 0.029
0 10.157 0.223 0.027
0 10.189 0.218 0.027
0 10.345 0.225 0.024
0 10.393 0.23 0.026
0 10.454 0.222 0.03
0 10.563 0.233 0.029
0 10.661 0.225 0.042
0 10.741 0.207 0.035
0 10.83 0.194 0.043
0 10.885 0.174 0.048
0 10.993 0.158 0.056
0 11.072 0.135 0.051
0 11.138 0.126 0.068
0 11.17 0.108 0.064
