# Data from Table A1 of https://arxiv.org/abs/2403.06575
#star_forming SM_low   SM_high   z0.5     err    z1       err    z1.5     err    z2       err    z2.5     err    z3.25    err   z4.25   err     z5.75   err
0             9.25      9.50     -0.13 	  0.06   0        0      0        0      0        0      0        0      0        0     0       0       0       0
0             9.50      9.75     0.18 	  0.04 	 0.53 	  0.05 	 0        0      0        0      0        0      0        0     0       0       0       0
0             9.75      10.00    0.37 	  0.05 	 0.74 	  0.05 	 1.04 	  0.06 	 0        0      0        0      0        0     0       0       0       0
0             10.00     10.25    0.54 	  0.05 	 0.91 	  0.05 	 1.21 	  0.05 	 1.39 	  0.06 	 1.52 	  0.07 	 0        0     0       0       0       0
0             10.25     10.50    0.60 	  0.05 	 1.05 	  0.05 	 1.38 	  0.05 	 1.50 	  0.06 	 1.68 	  0.07 	 1.88 	  0.07 	0       0       0       0
0             10.50     10.75    0.66 	  0.05 	 1.14 	  0.05 	 1.46 	  0.05 	 1.74 	  0.05 	 1.82 	  0.06 	 1.98 	  0.07 	0       0       0       0
0             10.75     11.00    0.69 	  0.05 	 1.20 	  0.05 	 1.59 	  0.05 	 1.78 	  0.05 	 1.96 	  0.06 	 2.19 	  0.07 	0       0       0       0
0             11.00     11.25    0.74 	  0.05 	 1.22 	  0.05 	 1.66 	  0.05 	 1.98 	  0.05 	 2.22 	  0.06 	 2.42 	  0.06 	0       0       0       0
0             11.25     11.50    0.60 	  0.07 	 1.27 	  0.05 	 1.71 	  0.06 	 2.13 	  0.06 	 2.40 	  0.06 	 2.55 	  0.07 	0       0       0       0
0             10.50     11.00    0        0      0        0      0        0      0        0      0        0      0        0     2.34    0.08    2.47    0.14
0             11.00     11.50    0        0      0        0      0        0      0        0      0        0      0        0     2.61    0.07    2.80    0.07
1             9.25      9.50     -0.05 	  0.06   0        0      0        0      0        0      0        0      0        0     0       0       0       0	
1             9.50      9.75     0.27 	  0.04 	 0.57 	  0.05   0        0      0        0      0        0      0        0     0       0       0       0	
1             9.75      10.00    0.47 	  0.05 	 0.80 	  0.05 	 1.06 	  0.06 	 0        0      0        0      0        0     0       0       0       0
1             10.00     10.25    0.68 	  0.05 	 1.01 	  0.05 	 1.27 	  0.06 	 1.42 	  0.06 	 1.53 	  0.08 	 0        0     0       0       0       0
1             10.25     10.50    0.81 	  0.05 	 1.22 	  0.05 	 1.49 	  0.05 	 1.59 	  0.06 	 1.76 	  0.06 	 1.89 	  0.07 	0       0       0       0
1             10.50     10.75    0.93 	  0.05 	 1.35 	  0.05 	 1.63 	  0.05 	 1.85 	  0.05 	 1.93 	  0.06 	 2.03 	  0.07 	0       0       0       0
1             10.75     11.00    1.01 	  0.05 	 1.47 	  0.05 	 1.78 	  0.05 	 1.93 	  0.05 	 2.07 	  0.06 	 2.27 	  0.07 	0       0       0       0
1             11.00     11.25    1.12 	  0.05 	 1.51 	  0.05 	 1.88 	  0.05 	 2.11 	  0.05 	 2.31 	  0.06 	 2.50 	  0.06 	0       0       0       0
1             11.25     11.50    1.12 	  0.06 	 1.65 	  0.05 	 1.96 	  0.05 	 2.27 	  0.05 	 2.53 	  0.06 	 2.61 	  0.07  0       0       0       0
1             10.50     11.00    0        0      0        0      0        0      0        0      0        0      0        0     2.38    0.08    2.47    0.14 
1             11.00     11.50    0        0      0        0      0        0      0        0      0        0      0        0     2.64    0.08    2.80    0.07 
