# Data extracted from multi-wavelength observations by Shen et al. (2020)
# 2020MNRAS.495.3252S.
#
# Cosmology assumes h = 0.70
#
# Two different fitting models are given (fit A and fit B).
# Units of bolometric luminosity density are erg * s^-1 * Mpc^-3
# z  log10(BLD_A) log10(BLD_low_A) log10(BLD_high_A)  log10(BLD_B) log10(BLD_low_B) log10(BLD_high_B)
0.00   40.43   40.31   40.51   40.53   40.42   40.62
0.20   40.83   40.72   40.91   41.02   40.91   41.11
0.40   41.15   41.06   41.23   41.40   41.29   41.48
0.60   41.39   41.30   41.46   41.67   41.55   41.76
0.80   41.57   41.49   41.64   41.87   41.76   41.96
1.00   41.69   41.60   41.76   42.00   41.89   42.10
1.20   41.78   41.69   41.85   42.10   41.97   42.21
1.40   41.83   41.76   41.90   42.15   42.04   42.26
1.60   41.85   41.75   41.92   42.18   42.05   42.29
1.80   41.85   41.75   41.92   42.18   42.03   42.30
2.00   41.83   41.73   41.90   42.16   42.03   42.28
2.20   41.79   41.70   41.87   42.12   41.98   42.24
2.40   41.74   41.65   41.83   42.07   41.92   42.21
2.60   41.68   41.57   41.76   42.01   41.86   42.15
2.80   41.62   41.50   41.70   41.94   41.79   42.10
3.00   41.54   41.43   41.62   41.87   41.69   42.02
3.20   41.46   41.37   41.54   41.79   41.61   41.96
3.40   41.37   41.24   41.47   41.71   41.51   41.90
3.60   41.28   41.14   41.37   41.62   41.39   41.81
3.80   41.18   41.07   41.29   41.52   41.32   41.74
4.00   41.08   40.92   41.18   41.43   41.19   41.67
4.20   40.99   40.87   41.09   41.34   41.12   41.60
4.40   40.88   40.76   41.00   41.25   41.02   41.55
4.60   40.78   40.66   40.89   41.16   40.89   41.48
4.80   40.68   40.56   40.79   41.07   40.76   41.42
5.00   40.57   40.43   40.69   40.99   40.66   41.37
5.20   40.47   40.33   40.59   40.93   40.55   41.31
5.40   40.36   40.22   40.48   40.83   40.44   41.25
5.60   40.26   40.11   40.38   40.74   40.35   41.20
5.80   40.15   40.00   40.28   40.65   40.20   41.15
6.00   40.05   39.90   40.18   40.56   40.13   41.10
6.20   39.94   39.76   40.08   40.48   39.97   41.05
6.40   39.83   39.65   39.97   40.39   39.85   41.00
6.60   39.73   39.58   39.86   40.31   39.72   40.95
6.80   39.63   39.44   39.77   40.23   39.61   40.91
7.00   39.52   39.35   39.69   40.16   39.53   40.86
7.20   39.42   39.25   39.60   40.08   39.43   40.82
7.40   39.32   39.14   39.46   40.01   39.32   40.78
7.60   39.21   39.01   39.38   39.94   39.20   40.74
7.80   39.11   38.91   39.25   39.87   39.06   40.70