# Data from Berg et al. (2020). Chemical abundances of spiral galaxies, as probed by H II regions across their disks (CHAOS survey).
# source: tables 6-8 from https://arxiv.org/pdf/2001.05002.pdf
# Galaxy name (Halpha region) - log10(O/H)+12 - error - log20(N/O) - error
NGC628-35.9+57.7, 8.52, 0.04, -0.64, 0.05
NGC628+49.8+48.7, 8.64, 0.04, -0.76, 0.05
NGC628-73.1-27.3, 8.37, 0.02, -0.62, 0.02
NGC628-76.2+22.9, 8.4, 0.08, -0.63, 0.11
NGC628-36.8-73.4, 8.43, 0.04, -0.65, 0.05
NGC628+68.5+53.4, 8.32, 0.05, -0.62, 0.07
NGC628+81.6-32.3, 8.62, 0.03, -0.7, 0.04
NGC628-68.5+61.7, 8.67, 0.09, -0.78, 0.12
NGC628+76.9-49.6, 8.74, 0.14, -0.74, 0.17
NGC628-13.1+107.5, 8.59, 0.01, -0.87, 0.02
NGC628+53.5-104.0, 8.47, 0.13, -0.78, 0.17
NGC628-35.7+119.6, 8.73, 0.03, -0.91, 0.05
NGC628-20.3+124.6, 8.63, 0.01, -0.9, 0.02
NGC628-59.6-111.6, 8.58, 0.04, -0.78, 0.06
NGC628+61.2+113.5, 8.73, 0.03, -0.99, 0.04
NGC628+42.6-120.7, 8.62, 0.06, -0.92, 0.08
NGC628+131.9+18.5, 8.56, 0.02, -0.89, 0.03
NGC628+125.4-62.4, 8.64, 0.11, -1.04, 0.15
NGC628-130.9+71.8, 8.55, 0.02, -0.97, 0.03
NGC628+131.7-70.2, 8.57, 0.05, -1.07, 0.07
NGC628+151.0+22.3, 8.61, 0.07, -0.93, 0.12
NGC628-157.9-0.3, 8.45, 0.09, -0.94, 0.14
NGC628-24.5-155.6, 8.62, 0.06, -1.01, 0.09
NGC628-129.8+94.7, 8.57, 0.05, -0.95, 0.08
NGC628+140.3+82.0, 8.35, 0.03, -0.93, 0.04
NGC628-42.8-158.2, 8.54, 0.03, -1.03, 0.05
NGC628+147.9-71.8, 8.55, 0.11, -1.03, 0.15
NGC628+163.5+64.4, 8.65, 0.08, -0.97, 0.12
NGC628-4.5+185.6, 8.39, 0.03, -1.1, 0.06
NGC628+176.7-50.0, 8.41, 0.08, -0.91, 0.12
NGC628-76.2-171.8, 8.63, 0.05, -1.1, 0.08
NGC628+31.6-191.1, 8.55, 0.13, -1.09, 0.2
NGC628-200.6-4.2, 8.53, 0.1, -1.07, 0.17
NGC628-184.7+83.4, 8.63, 0.01, -1.1, 0.02
NGC628-206.5-25.7, 8.6, 0.05, -1.22, 0.11
NGC628-90.1+190.2, 8.56, 0.01, -1.14, 0.01
NGC628-168.2+150.8, 8.27, 0.01, -1.09, 0.02
NGC628+232.7+6.6, 8.58, 0.07, -1.19, 0.12
NGC628+237.6+3.0, 8.58, 0.1, -1.23, 0.16
NGC628+254.3-42.8, 8.39, 0.04, -1.05, 0.07
NGC628+252.1-92.1, 8.24, 0.06, -1.05, 0.14
NGC628+261.9-99.7, 8.21, 0.09, -1.12, 0.13
NGC628+265.2-102.2, 8.1, 0.07, -1.2, 0.11
NGC628+289.9-17.4, 8.33, 0.02, -1.37, 0.04
NGC628+298.4+12.3, 8.3, 0.02, -1.37, 0.04
NGC5194-4.3+63.3, 8.73, 0.14, -0.43, 0.16
NGC5194-33.2+58.0, 8.89, 0.16, -0.42, 0.19
NGC5194-62.2+50.3, 8.79, 0.13, -0.55, 0.17
NGC5194+75.5-28.7, 8.47, 0.12, -0.42, 0.15
NGC5194+96.1+16.8, 8.7, 0.09, -0.48, 0.11
NGC5194+91.0+69.0, 8.72, 0.13, -0.48, 0.16
NGC5194-86.5-79.4, 8.54, 0.04, -0.43, 0.05
NGC5194-22.5+122.8, 8.77, 0.15, -0.58, 0.2
NGC5194+112.7+37.7, 8.61, 0.08, -0.46, 0.1
NGC5194+76.6+96.3, 8.77, 0.1, -0.63, 0.14
NGC5194-97.0-78.4, 8.52, 0.03, -0.52, 0.05
NGC5194-3.0+131.9, 8.64, 0.11, -0.69, 0.14
NGC5194-57.2+118.2, 8.53, 0.08, -0.63, 0.1
NGC5194-78.9+107.4, 8.87, 0.15, -0.76, 0.19
NGC5194-82.0-102.7, 8.59, 0.12, -0.59, 0.15
NGC5194-66.6+122.9, 8.69, 0.09, -0.8, 0.12
NGC5194+56.8+126.5, 8.68, 0.14, -0.6, 0.17
NGC5194+30.8+139.0, 8.75, 0.09, -0.66, 0.1
NGC5194+104.1-105.5, 8.56, 0.04, -0.6, 0.06
NGC5194+98.1-113.8, 8.54, 0.03, -0.51, 0.04
NGC5194+71.2+135.9, 8.56, 0.05, -0.59, 0.06
NGC5194+83.4-133.1, 8.57, 0.06, -0.55, 0.07
NGC5194+109.9-121.4, 8.51, 0.07, -0.57, 0.09
NGC5194+112.2-126.6, 8.75, 0.12, -0.72, 0.16
NGC5194+150.6+99.0, 8.67, 0.11, -0.7, 0.15
NGC5194-159.5-116.4, 8.73, 0.09, -0.72, 0.11
NGC5194-135.4-181.4, 8.61, 0.07, -0.77, 0.1
NGC5194+114.5+230.8, 8.46, 0.06, -0.69, 0.08
NGC5457-75.0+29.3, 8.65, 0.14, -0.62, 0.16
NGC5457+22.1-102.1, 8.73, 0.11, -0.8, 0.15
NGC5457+47.9-103.2, 8.79, 0.09, -0.82, 0.11
NGC5457-12.0+139.0, 8.53, 0.13, -0.71, 0.17
NGC5457+138.9+30.6, 8.5, 0.07, -0.77, 0.09
NGC5457+134.4-58.8, 8.62, 0.1, -0.91, 0.13
NGC5457+164.6+9.9, 8.6, 0.03, -0.95, 0.05
NGC5457+89.3+149.7, 8.83, 0.16, -0.92, 0.22
NGC5457-70.2+162.2, 8.62, 0.13, -0.9, 0.18
NGC5457+166.4+86.3, 8.42, 0.08, -0.78, 0.11
NGC5457+177.2-42.8, 8.45, 0.06, -0.91, 0.09
NGC5457-159.9+89.6, 8.58, 0.08, -0.77, 0.11
NGC5457+133.1-126.8, 8.58, 0.14, -0.91, 0.17
NGC5457+177.2+76.1, 8.61, 0.09, -0.89, 0.12
NGC5457-120.2+146.9, 8.57, 0.06, -0.8, 0.1
NGC5457+130.2+157.4, 8.55, 0.1, -0.82, 0.13
NGC5457+129.2+161.7, 8.3, 0.04, -0.71, 0.05
NGC5457-145.1+146.8, 8.87, 0.08, -1.0, 0.12
NGC5457+103.5+192.6, 8.46, 0.08, -0.85, 0.11
NGC5457-205.4-98.2, 8.57, 0.09, -0.9, 0.13
NGC5457+17.3-235.4, 8.62, 0.07, -1.02, 0.12
NGC5457+36.8-233.4, 8.45, 0.03, -0.99, 0.06
NGC5457+139.0+200.7, 8.53, 0.08, -0.96, 0.1
NGC5457+189.2-136.3, 8.58, 0.02, -0.99, 0.05
NGC5457-183.9-179.0, 8.68, 0.14, -1.08, 0.23
NGC5457-249.4-51.3, 8.51, 0.06, -0.9, 0.08
NGC5457-250.8-52.0, 8.59, 0.11, -0.94, 0.15
NGC5457+225.6-124.1, 8.49, 0.05, -1.05, 0.08
NGC5457+117.9-235.0, 8.3, 0.07, -1.1, 0.11
NGC5457-208.0-180.7, 8.45, 0.1, -0.92, 0.17
NGC5457-12.3-271.1, 8.49, 0.08, -0.99, 0.1
NGC5457-200.3-193.6, 8.6, 0.06, -1.13, 0.11
NGC5457+96.7+266.9, 8.49, 0.08, -0.96, 0.11
NGC5457+67.5+277.0, 8.52, 0.05, -1.04, 0.1
NGC5457+252.2-109.8, 8.53, 0.08, -1.01, 0.13
NGC5457+254.6-107.2, 8.5, 0.01, -0.98, 0.02
NGC5457+281.4-71.8, 8.42, 0.05, -1.15, 0.08
NGC5457-243.0+159.6, 8.49, 0.06, -1.0, 0.09
NGC5457+249.3+201.9, 8.42, 0.09, -1.06, 0.16
NGC5457-297.7+87.1, 8.45, 0.1, -1.04, 0.15
NGC5457-309.4+56.9, 8.35, 0.03, -0.92, 0.05
NGC5457+354.1+71.2, 8.51, 0.1, -1.23, 0.19
NGC5457-164.9-333.9, 8.53, 0.03, -1.23, 0.08
NGC5457+360.9+75.3, 8.51, 0.02, -1.22, 0.05
NGC5457-377.9-64.9, 8.52, 0.06, -1.08, 0.1
NGC5457-99.6-388.0, 8.39, 0.01, -1.12, 0.03
NGC5457-397.4-71.7, 8.33, 0.04, -1.06, 0.07
NGC5457-226.9-366.4, 8.28, 0.06, -1.2, 0.12
NGC5457-405.5-157.7, 8.14, 0.02, -1.02, 0.04
NGC5457-345.5+273.8, 8.35, 0.04, -1.17, 0.09
NGC5457-410.3-206.3, 8.32, 0.09, -1.14, 0.14
NGC5457-371.1-280.0, 8.33, 0.03, -1.11, 0.07
NGC5457-368.3-285.6, 8.45, 0.02, -1.12, 0.05
NGC5457-455.7-55.8, 8.18, 0.03, -1.37, 0.05
NGC5457-392.0-270.1, 8.36, 0.02, -1.09, 0.06
NGC5457-414.1-253.6, 8.28, 0.03, -1.15, 0.1
NGC5457-464.7-131.0, 8.16, 0.01, -1.34, 0.05
NGC5457-466.1-128.2, 8.01, 0.04, -1.34, 0.08
NGC5457-479.7-3.9, 8.15, 0.01, -0.9, 0.07
NGC5457-481.4-0.5, 7.95, 0.03, -1.3, 0.05
NGC5457-453.8-191.8, 8.24, 0.06, -1.38, 0.13
NGC5457+331.9+401.0, 8.23, 0.01, -1.33, 0.05
NGC5457+324.5+415.8, 8.23, 0.02, -1.31, 0.05
NGC5457+315.3+434.4, 8.33, 0.01, -1.29, 0.04
NGC5457-540.5-149.9, 7.89, 0.01, -1.33, 0.07
NGC5457+509.5+264.1, 8.29, 0.06, -1.34, 0.17
NGC5457+266.0+534.1, 8.18, 0.03, -1.37, 0.05
NGC5457+667.9+174.1, 8.16, 0.02, -1.34, 0.11
NGC5457+650.1+270.7, 8.09, 0.04, -1.35, 0.08
NGC5457+692.1+272.9, 8.1, 0.04, -1.45, 0.12
NGC5457+1.0+885.8, 7.86, 0.01, -1.46, 0.02
NGC5457+6.6+886.3, 7.92, 0.01, -1.4, 0.05
NGC5457-8.5+886.7, 7.81, 0.02, -1.42, 0.06
